%YAML:1.0
calibration_time: "Tue Feb 23 18:06:05 2016"
nframes: 25
image_width: 640
image_height: 480
board_width: 7
board_height: 6
square_size: 5.6999999284744263e-01
FixAspectRatio: 1.
# flags:  +fix_aspectRatio +fix_principal_point +zero_tangent_dist
flagValue: 14
camera_matrix: !!opencv-matrix
   rows: 3
   cols: 3
   dt: d
   data: [ 5.0052680838595921e+02, 0., 3.1950000000000000e+02, 0.,
       5.0052680838595921e+02, 2.3950000000000000e+02, 0., 0., 1. ]
distortion_coefficients: !!opencv-matrix
   rows: 5
   cols: 1
   dt: d
   data: [ 6.0926226159629900e-02, -3.0686711084495910e-01, 0., 0.,
       3.7103890190920585e-01 ]
avg_reprojection_error: 1.0431084796888437e+00
per_view_reprojection_errors: !!opencv-matrix
   rows: 25
   cols: 1
   dt: f
   data: [ 3.54199469e-01, 2.30039343e-01, 7.21858919e-01,
       7.26995230e-01, 3.39488006e+00, 5.31263828e-01, 4.71393377e-01,
       3.46481323e-01, 2.31717035e-01, 2.67450511e-01, 3.88245314e-01,
       4.63440210e-01, 4.13393408e-01, 3.35998565e-01, 3.03437799e-01,
       3.57286930e-01, 3.73665035e-01, 4.19005632e-01, 3.54268670e-01,
       3.80492151e-01, 4.63750243e-01, 3.18598002e-01, 3.42856228e-01,
       3.77697319e-01, 3.41580057e+00 ]
# a set of 6-tuples (rotation vector + translation vector) for each view
extrinsic_parameters: !!opencv-matrix
   rows: 25
   cols: 6
   dt: d
   data: [ -6.7406434265990245e-02, 1.4928268195579464e-01,
       -8.4492024761516848e-02, -4.3965265053560749e+00,
       -3.3113489121497128e+00, 1.1511852244211932e+01,
       -1.7542115326073079e-01, -1.2034179599969740e-01,
       9.4079201809376348e-03, -3.5397434544804027e+00,
       -2.4793633548569532e-01, 9.9468558934378848e+00,
       4.4718186394294757e-01, -1.0741393085780560e-01,
       5.0225791872026068e-02, -3.2575010756325358e+00,
       1.5857263744282007e-01, 7.5810761485662006e+00,
       -1.0173549664988679e-01, 7.7668279055941736e-01,
       6.6379829281343833e-03, -2.7047071972230765e+00,
       -2.7590940633076072e-01, 9.6560584436699308e+00,
       -1.3016543856217289e-01, -1.0865623374983484e+00,
       1.9885306512359827e-02, -8.6573941207423721e-01,
       -3.8828233734449630e-01, 7.7578366011568489e+00,
       -3.5424679251944469e-01, -4.5497718359940192e-01,
       -3.1119872874147535e-02, 2.0659631968737062e+00,
       -6.7695325116168756e-02, 9.7901117338379446e+00,
       -3.2435771374167988e-01, -2.9684590590118126e-01,
       -3.5860141307902792e-02, 2.6674980213978436e+00,
       -1.7647981028864410e-01, 9.8093223155640832e+00,
       -8.4844450356713189e-02, -1.2299349138779567e-01,
       -1.2025768601820034e-02, 1.1757108538707524e+00,
       -2.0856775603368423e+00, 9.7360685372071796e+00,
       -1.1863078330406542e-01, -3.8990506188306129e-02,
       2.8044904460477860e-02, -5.4484301247964939e-01,
       -2.7795433120875446e+00, 1.0012068726293451e+01,
       -1.1914483442092007e-01, 5.3537883557188005e-02,
       2.2381100468857731e-02, -1.8994018949380196e+00,
       -2.9547239987258083e+00, 1.0057040210407500e+01,
       -1.0182419651851303e-01, 2.4147579259278659e-01,
       7.0334802661706719e-02, -4.6741489024690637e+00,
       -3.2363321313086160e+00, 1.0600764689475968e+01,
       -8.8692398309440326e-02, 2.8886709055719767e-01,
       8.4690136991435280e-02, -6.1335833743010095e+00,
       -3.0278938464434471e+00, 1.1389147929698277e+01,
       -7.7801488240400049e-02, 2.3851535547106156e-01,
       1.0986725005807582e-01, -5.5375288796518003e+00,
       -2.4237610064560995e+00, 1.1439484704632331e+01,
       -6.2715066119989893e-02, 1.9040601253428566e-01,
       8.3091873511405179e-02, -4.9556638681728247e+00,
       -1.7913248973337093e+00, 1.1358458716284947e+01,
       -9.2236248107321436e-02, -5.1232217653808540e-03,
       1.6366196673542333e-02, -3.3428119437634436e+00,
       -4.2623497748943912e-01, 7.7704576830766587e+00,
       -1.3088567343265733e-01, -5.4735262221136435e-02,
       1.7890579620401949e-02, -2.5583488916658004e+00,
       -5.6034565348334731e-01, 6.7360497617480029e+00,
       -1.3217540141608525e-01, 3.3173167680733820e-02,
       7.7674171434791552e-03, -1.9759219984846743e+00,
       -5.2363048596068096e-01, 6.3771329244290618e+00,
       -1.4880663543253655e-01, 4.1538955349926653e-02,
       -1.9014922487320053e-03, -2.1946771747976088e+00,
       -9.4523273967753996e-01, 6.1999852022254966e+00,
       -1.3505920491924919e-01, 7.9362983333677251e-02,
       -1.4027376476593641e-02, -2.3077292121202171e+00,
       -1.3037188446267729e+00, 6.4206282422474539e+00,
       -1.5695351362671933e-01, 9.5440704761246387e-02,
       -1.7446900614715141e-02, -2.3798677591803368e+00,
       -1.8247346398983633e+00, 6.7133936021010552e+00,
       -9.9344170921135164e-02, -2.3426676870761456e-03,
       3.6174526956317232e-02, -2.0606435363741356e+00,
       -6.2653853859994835e-01, 5.4195226161314674e+00,
       -2.4748228144551293e-01, -2.4552272388507480e-02,
       6.1114990549073864e-02, -2.4747665875523750e+00,
       -1.1719413913885024e+00, 7.2972678792126722e+00,
       -2.7609550698079321e-01, 7.7370491111988543e-02,
       3.0598132809553064e-02, -2.5914413916815771e+00,
       -1.9338081648172252e+00, 9.4502185940337924e+00,
       -2.5575463630917444e-01, 1.6864495921002642e-01,
       3.3362489222636293e-02, -2.8218648178954022e+00,
       -2.2955804902262353e+00, 1.0557484758232174e+01,
       1.7471517270232124e-02, 5.2034258589945082e-01,
       4.3181179638326690e-02, -4.1710079694406277e+00,
       -2.8696784211299726e+00, 1.7501654338168386e+01 ]
